# vim:set nowrap:

    # Game layout 1
	# Blocks
	totBlocks:    		.word 61
    blockRemaining:	    .word 61
	blocks: .word  
	  4,  0,16726342, 0, 12,  0,16734826, 0, 20,  0,16726342, 0, 28,  0,16734826, 0, 36,  0,16726342, 0, 44,  0,16734826, 0, 52,  0,16726342, 0, 60,  0,16734826, 0, 68,  0,16726342, 0, 76,  0,16734826, 0, 84,  0,16726342, 0, 92,  0,16734826, 0,100,  0,16726342, 0,108,  0,16734826, 0,116,  0,16726342, 0,
	  4,  5,16734826, 0, 12,  5,16726342, 0, 20,  5,16734826, 0, 28,  5,16726342, 0, 36,  5,16734826, 0, 44,  5,16726342, 0, 52,  5,16734826, 0, 60,  5,16726342, 0, 68,  5,16734826, 0, 76,  5,16726342, 0, 84,  5,16734826, 0, 92,  5,16726342, 0,100,  5,16734826, 0,108,  5,16726342, 0,116,  5,16734826, 0,
	 12, 10,16734826, 0, 28, 10,16734826, 0, 44, 10,16734826, 0, 60, 10,16734826, 0, 76, 10,16734826, 0, 92, 10,16734826, 0,108, 10,16734826, 0,
	  4, 15,16740995, 0, 20, 15,16740995, 0, 36, 15,16740995, 0, 52, 15,16740995, 0, 68, 15,16740995, 0, 84, 15,16740995, 0,100, 15,16740995, 0,116, 15,16740995, 0,
	 12, 20,16745109, 0, 28, 20,16745109, 0, 44, 20,16745109, 0, 60, 20,16745109, 0, 76, 20,16745109, 0, 92, 20,16745109, 0,108, 20,16745109, 0,
	  4, 25,16747937, 0, 20, 25,16747937, 0, 36, 25,16747937, 0, 52, 25,16747937, 0, 68, 25,16747937, 0, 84, 25,16747937, 0,100, 25,16747937, 0,116, 25,16747937, 0,
	 60, 15,0xf5c422, 2
 	block_width:  .word 8
	block_height: .word 5

    # Game layout 2
    # Blocks
	totBlocks:    		.word 60
    blockRemaining:	    .word 60
	blocks: .word  
	  4,  0,16726342, 0, 16,  0,16734826, 0, 28,  0,16726342, 0, 40,  0,16734826, 0, 52,  0,0xff101a, 2, 64,  0,0xff101a, 2, 76,  0,16726342, 0, 88,  0,16726342, 0,100,  0,16734826, 0,112,  0,16726342, 0,
	  4,  5,16734826, 0, 16,  5,16740995, 0, 28,  5,16734826, 0, 40,  5,16740995, 0, 52,  5,16740995, 0, 64,  5,16740995, 0, 76,  5,16740995, 0, 88,  5,16734826, 0,100,  5,16740995, 0,112,  5,16734826, 0,
	  4, 10,16740995, 0, 16, 10,16745109, 0, 28, 10,16740995, 0, 40, 10,16745109, 0, 52, 10,16745109, 0, 64, 10,16745109, 0, 76, 10,16745109, 0, 88, 10,16740995, 0,100, 10,16745109, 0,112, 10,16740995, 0,
	  4, 15,16745109, 0, 16, 15,16747937, 0, 28, 15,16745109, 0, 40, 15,16747937, 0, 52, 15,16747937, 0, 64, 15,16747937, 0, 76, 15,16747937, 0, 88, 15,16745109, 0,100, 15,16747937, 0,112, 15,16745109, 0,
	  4, 20,16747937, 0, 16, 20,16749738, 0, 28, 20,16747937, 0, 40, 20,16749738, 0, 52, 20,16749738, 0, 64, 20,16749738, 0, 76, 20,16749738, 0, 88, 20,16747937, 0,100, 20,16749738, 0,112, 20,16747937, 0,
	  4, 25,16749738, 0, 16, 25,16750768, 0, 28, 25,16749738, 0, 40, 25,16750768, 0, 52, 25,16750768, 0, 64, 25,16750768, 0, 76, 25,16750768, 0, 88, 25,16749738, 0,100, 25,16750768, 0,112, 25,16749738, 0,
 	block_width:  .word 12
	block_height: .word 5

    # Game layout 3
	# Blocks
	totBlocks:    		.word 60
    blockRemaining:	    .word 60
	blocks: .word  
      4,  0,16746923, 0, 14,  0,16746955, 0, 24,  0,15960575, 0, 34,  0,11700735, 0, 44,  0, 9019391, 0, 54,  0, 9036031, 0, 64,  0, 9043934, 0, 74,  0, 9043869, 0, 84,  0,11861897, 0, 94,  0,16121737, 0,104,  0,16763273, 0,114,  0,16746889, 0,
      4,  7,16746923, 0, 14,  7,16746955, 0, 24,  7,15960575, 0, 34,  7,11700735, 0, 44,  7, 9019391, 0, 54,  7, 9036031, 0, 64,  7, 9043934, 0, 74,  7, 9043869, 0, 84,  7,11861897, 0, 94,  7,16121737, 0,104,  7,16763273, 0,114,  7,16746889, 0,
      4, 14,16746923, 0, 14, 14,16746955, 0, 24, 14,15960575, 0, 34, 14,11700735, 0, 44, 14, 9019391, 0, 54, 14, 9036031, 0, 64, 14, 9043934, 0, 74, 14, 9043869, 0, 84, 14,11861897, 0, 94, 14,16121737, 0,104, 14,16763273, 0,114, 14,16746889, 0,
      4, 21,16746923, 0, 14, 21,16746955, 0, 24, 21,15960575, 0, 34, 21,11700735, 0, 44, 21, 9019391, 0, 54, 21, 9036031, 0, 64, 21, 9043934, 0, 74, 21, 9043869, 0, 84, 21,11861897, 0, 94, 21,16121737, 0,104, 21,16763273, 0,114, 21,16746889, 0,
      4, 28,16746923, 0, 14, 28,16746955, 0, 24, 28,15960575, 0, 34, 28,11700735, 0, 44, 28, 9019391, 0, 54, 28, 9036031, 0, 64, 28, 9043934, 0, 74, 28, 9043869, 0, 84, 28,11861897, 0, 94, 28,16121737, 0,104, 28,16763273, 0,114, 28,16746889, 0,
	block_width:  .word 10
	block_height: .word 7
